0
1.0945883319780103
1.6837374773552147
1.6437704429473539
1.2957740396333985
1.8762144314810778
0.8443482302700094
0.7161130717449163
-0.7960654530437188
2.3179093748227837
-9.783374572216298
2.5021225729727243
0.08971182735606864
0.1246853430821161
1.6442707336697873
0.019555818217010135
3.2303723574720546
0.11621922227659853
1.852721308072086
3.11333694379155
3.447338030264878
1.640526022743027
2.740039620116311
1.0284857218886476
0.8766706871250745
0.9305433148539899
0.2920195224263493
1.2633819342858579
1.8955396113318486
2.367143376861402
1.8180518238062968
2.4010698720213663
1.3741075425699356
1.4823884475776308
2.1676521957671406
2.4405135922607357
-0.03619511111893736
2.613167361469944
2.033077300633288
1.3591780403468603
1.899269938830087
1.519079432674566
1.4665958581123202
2.8669136590847795
-0.013418842606542025
2.1118565792614006
1.8197434223284332
3.033620756270259
2.231067593982484
1.6982163159126014
2.1493989446063555
2.385959068068395
1.797054046782903
2.4318788387455577
1.4727441432244035
4.262772803980356
2.4121177473113677
1.7456294864553992
4.447107901959887
2.568069723117272
4.0622601237608755
2.440249419792342
-0.18289386070458846
2.073060577268582
1.380075291777463
2.640428414429035
-0.9649271222748395
1.6948377942883541
2.08879900068274
1.8371892487472197
1.6118089415963772
1.0894525137444717
3.1869660601877383
0.7211438267957377
1.3683895401877915
1.7983787930853379
1.158681854736161
1.939846010836122
1.6025567609714555
2.2205191689290644
2.9453086952435443
2.4763248328388916
1.2599179047848506
1.3344735216841075
1.8195076064659435
1.3202652386512503
2.289619163576799
2.9362833779773556
1.8718281503954208
3.0740500397156802
2.849297641073183
0.7704178113350391
2.649195931999002
3.608948010779255
1.1096394968150793
2.7478887984687077
2.884893177077949
2.304145178586763
2.6740569716977847
2.548326099736834
3.4372945515749826
