0
5.1062028397402095
6.379105909891038
8.752774327175695
11.363296734190854
17.534151279396184
21.083407598641088
24.60334979168877
26.961977679481613
29.121188752797817
30.207252747035692
30.535652301963804
31.18738460543864
37.64113211281783
43.893153045824036
52.29610943592692
54.39127242362582
58.37346854256702
58.44189922096692
62.02805387445833
63.82883870821489
66.61642870024413
69.53230516050652
73.59352440664811
78.91193145286495
82.03558736657271
84.72145574733146
86.19520900128443
88.35998331523518
86.84040443790923
91.08610852338816
99.19496929217804
95.63455663601795
99.34227442359638
99.63197575239971
102.82107529160899
105.52019914935607
103.48277581702479
107.19218161320204
106.70199440467837
108.25676879365363
113.63797533157981
116.757949415447
123.76620602644574
127.60562425479131
127.90372071710743
129.35424656877456
132.6822371880753
137.97960787287897
139.31757594102763
142.37433717026215
141.7493382926417
146.44330675179222
146.0315625231523
147.70117745292643
149.1285310453872
152.64911559537128
156.59845800959565
161.57095917920728
163.17542398394994
162.88711063932945
163.96231339601124
168.76586677008484
170.4459637109231
174.67978703837468
176.22756708667612
180.12097008017338
183.8595899115283
187.7428817546104
189.25957245036236
194.62855195482354
197.45041839568563
202.00464878388738
205.08390584949933
209.6861498716206
212.97139300046908
216.25431548657974
219.90813373998986
223.0789759562602
225.60840101055393
225.7754291705163
228.0649458764783
232.02207305941866
235.76006741418306
239.13973807778967
241.57514915359369
245.71388242218546
248.29626685382956
253.51179811506668
254.64726437167934
258.8487256725919
262.57017962243265
267.0419249264056
270.6945267618501
271.6306845569706
274.80140538358467
279.2117857526164
282.2914023000266
285.2861208766724
288.61130185685045
291.60951639552735
