0
2.574302113564758
3.1219495103027484
3.952243611729675
-8.991746350305117
-5.0664556393455475
5.288909603015713
17.261338815350598
29.076158710600385
39.35804757781855
47.273034843350494
57.46573418540958
67.99941542957181
76.91735998027369
85.4085967369852
95.11292710561361
103.60164592286303
113.45968265427992
123.71944612054354
132.80304943151793
141.90268848423642
153.6718306080959
162.71652003737483
174.2899371434825
184.35010175868504
193.89941861598814
204.33644313330913
213.26337174341734
221.8827395645921
231.24163701531674
241.46053466550376
251.5109926426387
261.0294122643591
271.46844862307734
279.86584105366734
290.49507628622035
299.20689054092844
309.56367175945354
320.8327356860876
331.12420056368063
341.57736427611854
350.53171390410097
360.3940036562261
369.7313795138498
379.79486968401255
389.7554474751803
398.4782947886141
407.04827555442904
418.70136658340766
430.4760665255662
440.1565358938778
451.0034705872708
463.09048742694614
474.62730007849837
484.7649662927906
494.12147186560213
503.82513104201354
513.0551972777129
523.6152897597303
534.5789339344362
544.3110421651802
554.6068816090843
565.7884648010689
576.682237556694
586.6394333394273
597.913774015289
608.5875319092108
618.4404205296651
630.615637466511
639.1462554738474
648.4580776354658
657.8683990437206
665.101273624007
675.6876301078246
683.1443495734635
691.4927478987427
700.9165602077068
711.266590313162
721.611917485294
731.4965833322274
741.6375021465874
753.4190809639503
764.63595652265
772.8574882198592
782.4707665624884
791.9052586113806
801.6098078514626
811.9279285524226
822.3312436735835
832.6413174611203
843.0135705418528
851.8652768902593
862.43770387226
873.284950996652
885.7482358127359
896.6859056747304
906.5150355377048
915.8893780789356
925.3502245226501
935.8587912810112
944.5824195691616
952.5553088090562
964.2090055992269
973.2255812663374
984.1804825886536
995.9196105071462
1005.4842883955423
1015.853817312796
1026.255178261661
1037.6099577597993
1046.3293437715517
1057.0324111118293
1067.2502650268345
1076.4599905963896
1086.2856704772937
1099.6720400222987
1109.9932580979837
1120.176198401326
1129.9838769585003
1139.1987632298142
1148.0889977910297
1159.608380557625
1169.9661894525948
1179.232329401295
1190.1684774590217
1199.8728701701855
1208.2856228623111
1216.3000327345221
1225.3850788551226
1235.8244823120147
1246.9972770869813
1257.1098922642645
1266.2150634721133
1276.4875431914063
1287.770196013695
1298.795332122211
1307.3761568661848
1318.3575103042954
1327.9657451147937
1337.5970131736808
1348.2769370746987
1358.1094452883315
1366.6979584927135
1378.137530114509
1389.5703592209359
1399.9664013002268
1410.440649026185
1422.0178448297447
1432.937273327214
1441.9272134017795
1451.3259417560048
1460.847120917778
1472.3236612778796
1482.0308536498942
1492.8140991368355
1503.1202073432287
1512.8515199505168
1523.7378816247772
1534.0373265411276
1545.0216977827013
1556.8916621992523
1564.373422254445
1574.2441141476743
1583.1297339438838
1592.0988000511602
1603.3603069491073
1613.9564925786772
1623.6386380840513
1634.460249533335
1644.1701624397094
1653.80043785121
1665.794519802214
1676.8675758472323
1687.2497245789896
1696.2185063344377
1706.5734350358885
1717.0834405165772
1727.2301534649268
1739.2587500967861
1748.6981498803689
1758.9910375839904
1768.6345171051287
1778.185438717518
1787.8804849470826
1799.0283214846622
1809.154470564919
1818.1742424009067
1827.1352613284766
1838.0886457766708
1848.3017610568625
1857.3765507809983
1867.4811377624185
1877.7224197707217
1889.064769543798
1898.650338006748
1907.6490602224148
1917.0651728543216
1926.1132905775326
1936.9357645356017
1946.2916935090832
1956.4975380774183
1965.4172925238213
1975.579295811842
1984.9391041545225
1995.7353512328255
2006.045369711933
2016.1008060594856
2025.7025060876188
2035.8406889855903
2044.6822708892732
2053.7314904562145
2063.8172481232077
2074.4295005745453
2084.640023060181
2096.1465433561652
2105.315724402427
2116.11934914638
2125.716372157859
2136.4086543370904
2147.1382299873053
2155.8195844113725
2164.562348853681
2174.068721572712
2183.9493867005344
2190.526864854227
2199.120003676151
2209.478797283221
2220.3592024106074
2230.0595482434733
2241.4808883338974
2249.579392695784
2259.8386098584465
2269.7498156446763
2279.247716012663
2290.540317946152
2300.32706268485
2309.1911371776196
2320.2653464861005
2330.4767719134015
2342.4095483027977
2353.822939615795
2363.5581710740817
2373.6369991222355
2383.6593301647617
2394.99113923187
2404.631191487645
2414.0145947534847
2423.6032911238735
2432.462297603691
2441.9004409739737
2452.222784040598
2462.6122262312956
2471.6938620034825
2481.801398114293
2491.3128794675795
2502.8771882845617
2512.9496579898528
2523.0373305929097
2532.880847754902
2541.6861387057074
2551.5924768755485
2560.2198207537863
2570.8824305475587
2581.5498622155133
2590.7195998647658
2601.879114992446
2612.177440749413
2620.8733772917785
2632.098195028115
2644.0153800230505
2654.4278921486925
2664.2958127703805
2674.592138836305
2684.5947498574697
2693.5145379488085
2704.290841807636
2713.6638576575638
2724.8622834180965
2735.5789570299075
2745.1040287847727
2752.180539928342
2761.1032924147175
2772.031785408092
2782.64300624268
2791.951821806265
2802.546724922917
2812.909792884786
2821.384272748082
2830.5935011942547
2840.61018326428
2852.0553220911306
2862.1809748681353
2872.3888111483193
2882.180499982922
2893.1281309543638
2903.759375300076
2912.329349337836
2922.41606435475
2932.488111750221
2942.931313974321
2952.9816410335043
2963.7985170247102
2971.755614330731
2981.5275557595214
2991.2253314740556
2999.8815575208546
3009.899302753887
3018.0559068954467
3027.747705562586
3038.7669991545445
3048.5353438244497
3058.8224981767553
3069.3734821842427
3079.45727956566
3090.5256528215796
3101.875705027391
3113.420814204332
3124.7844386646384
3133.4367521585937
3145.52915271407
3155.460874039327
3164.346223990937
3174.268521321631
3184.3276918365864
3193.8349614077288
3201.926581425718
3210.6016219955663
3219.499697515427
3227.852365890524
3238.388970709092
3248.0131096714586
3257.843944318449
3267.4417340511145
3276.2314632517637
3284.948537404309
3295.8725204945167
3306.1087357894103
3314.971717635225
3324.116761792714
3335.410269769117
3345.0894732957995
3354.309156057616
3365.354628743081
3375.406443689906
3384.941527321962
3394.251153889416
3403.959756781147
3416.7221262932553
3426.3883666348975
3435.3943884089203
3444.0515682638124
3453.427378372937
3462.2759311438713
3470.780330328701
3479.32268057721
3489.7846924728447
3500.7181451131564
3510.064011860586
3518.9593464000463
3530.195444460048
3540.5591117595686
3550.539933279715
3563.2459810725763
3575.2242539066256
3587.4851977106828
3596.490957019293
3605.6817925097303
3615.0064186369245
3625.4139170638473
3634.7238828671725
3643.261370704999
3651.622694430813
3661.0543934730968
3672.545287355775
3685.2046466165793
3696.4985823621437
3707.7466609000767
3718.41555446256
3727.2424955298256
3736.605998335687
3746.3566526732025
3757.8444223009014
3768.343118260689
3776.684283728379
3788.0595970749882
3797.1700264596316
3806.8702734959097
3817.1046854782235
3827.310743785376
3837.2755346477707
3846.7851958245183
3856.963105540988
3865.966307062893
3876.1384472651994
3884.697000163419
3895.1369876639055
3906.0121320242088
3915.5452938472363
3926.117921966069
3938.4214657999973
3947.351109856818
3956.8747129882067
3967.317099968549
3978.023691953981
3988.100310097865
3999.0799266005342
4009.0068056837526
4018.1964658018296
4029.9043850644157
4041.4384595068377
4052.0083676581744
4063.19222453619
4073.1037652527775
4084.2616218919957
4095.0692977582485
4105.829528384262
4115.184373224854
4126.039193282893
4135.290725491489
4143.84207794872
4153.627060466191
4163.624680777262
4172.354413753456
4182.051441200938
4192.027449619141
4201.696648202849
4211.549218107748
4221.797373400088
4232.708637782646
4242.963139087899
4252.738881449363
4264.100250395793
4272.503573706209
4282.771730903292
4293.095480722694
4304.004762644713
4313.6902521014335
4323.641526559861
4333.853689781841
4343.660682392143
4354.408487233065
4363.120819136853
4373.539037872835
4382.382297916305
4393.109941758641
4402.572406773115
4410.927600182557
4420.240424094046
4429.993538814073
4440.476736316071
4449.730851461796
4459.530979807155
4470.866895045203
4480.383550465999
4490.828289507756
4501.908405676041
4513.159932302464
4523.918889461075
4534.608086235259
4543.864341137394
4554.512559915387
4566.326565505864
4576.286658112136
4585.207045056246
4593.548926080182
4604.583071492836
4615.463840064448
4624.555181516564
4634.488203474919
4644.313471615618
4654.393093430053
4664.705589452924
4675.251471304416
4684.680215513268
4692.780129516919
4704.232551657367
4716.235530638223
4725.448626313856
4733.4450607214185
4743.250481371826
4753.890645228228
4763.060280429206
4772.891114413262
4781.790073884018
4789.807898633535
4799.026097955464
4808.903712429456
4818.234989784911
4826.399331312805
4835.781090759285
4846.649937306546
4854.241027403898
4863.194451657813
4873.706416557553
4883.409178986622
4894.895298475507
4904.802526454407
4916.233319861625
4926.680321144129
4937.199124344899
4946.521102692293
4956.815288529222
4967.915812318763
4977.05114276974
4986.901196418199
4997.3190926497955
5006.362268819466
5016.789302313693
5026.477357574949
5035.368078698404
5044.229128330908
5053.639671853856
5063.007616596965
5071.775467408244
5084.224369915155
5092.039430879071
5100.6761601586295
5110.165735975601
5121.482122528105
5132.528983319656
5142.163303162961
5153.576522813557
5165.699665731741
5176.459734537866
5185.491110012154
5196.333210835663
5204.958187655584
5214.425654381368
5225.093128816419
5234.013206456656
5244.468804229864
5253.574162682038
5265.7806063461885
5275.342194921762
5284.48005652269
5295.344475667946
5306.41130605906
5315.708361422404
5325.2487392296725
5334.246081135883
5344.7906022432635
5352.832766064346
5363.659358244349
5373.475005168854
5383.709786465532
5396.050083537356
5407.644900068772
5417.745819086157
5427.504333320356
5437.7504015088925
5447.787919198408
5459.288954480453
5468.766702252714
5476.471999834328
5486.098114528212
5496.3421322805625
5505.917175928764
5517.221593864699
5527.592133363372
5538.765701495564
5550.03271796028
5559.33968329089
5569.562207710437
5578.75230059225
5587.205964879116
5597.914363985632
5609.349624265432
5619.418322885814
5632.825820781425
5644.223990270117
5655.092499547389
5663.622047986304
5673.288476506642
5684.159831635323
5694.527703233794
5703.657687029565
5714.77264636769
5724.924731236335
5732.262910052361
5741.503061885998
5752.345236195214
5763.717173927482
5773.07309961534
5784.684365599929
5796.178151698043
5807.56075239382
5817.271624629533
5828.395544107334
5837.579766603174
5849.30930772401
5859.098335692031
5867.54727578343
5877.920345579594
5887.803184416794
5896.7187257030255
5906.080807820945
5916.606125373456
5926.66592465734
5936.7951428471
5947.345319033176
5959.3215164538
5970.917162336475
5982.133539344961
5993.707946203149
6004.549663422813
6014.489632519072
6025.258271034278
6034.436150014354
6045.241621202923
6054.638781846446
6064.307817010382
6073.969773326746
6082.757996597229
6091.330374034811
6101.68462683929
6113.212258370186
6122.959113471909
6132.369025507377
6142.901137766616
6152.917595610184
6163.470202922598
6173.093381526407
6182.698023236172
6191.86464517222
6202.898028676302
6214.476625448644
6224.178177789517
6232.62845333368
6244.622922369761
6252.655048537381
6261.491071769325
6285.398483480265
6295.609143563375
6306.297744814336
6315.538907616612
6326.512164730168
6336.968505748892
6345.74502712181
6354.589889099225
6365.433396055698
6375.327325561559
6387.262107823566
6396.829585961064
6405.581932112966
6416.674714347161
6425.855559124155
6413.227977450198
6424.006679971868
6435.293755057961
6445.926630105512
6457.14303374475
6465.971894751375
6476.469878581744
6486.826410617801
6496.6890298930075
6506.278151335726
6518.204843183806
6529.489648133444
6539.487188346814
6548.86418352982
6557.495800978515
6567.858202549223
6577.179945724989
6585.869218738736
6596.04759148135
6605.579423920124
6615.0197262006095
6625.21266256469
6635.0111160047545
6646.049181639018
6656.4477295141305
6669.072867749852
6679.2182727022155
6690.930026796448
6702.185954532085
6711.551003810713
6720.962530462364
6731.380765699589
6741.475456601248
6752.9941975894
6762.955089768387
6772.669558636624
6781.418090968229
6789.987437473938
6801.110967610588
6810.106933083337
6820.102321915213
6832.009647186735
6842.473533042601
6853.486892118562
6861.868887194949
6873.259761077192
6882.672010392888
6892.45063100261
6902.7676959767505
6912.4084630065645
6921.114587914412
6931.041710563677
6940.722693811127
6950.787260816256
6960.929484815127
6970.14164916387
6979.689269059432
6988.047773024938
7000.1340487766665
7009.406911953449
7019.559355133848
7029.24631483401
7038.794733699212
7049.044214653224
7059.361402033597
7069.294341512779
7077.153579396596
7086.794447128627
7097.826744074622
7107.572732321019
7118.358101651564
7128.451618924237
7140.460544393946
7151.526812521104
7161.456671327331
7172.028522574768
7182.748763573611
7194.050567994047
7205.141460731076
7214.420564881095
7224.332236733389
7234.677483995981
7243.7382543949825
7251.614651353197
7261.117976588806
7271.117223870753
7280.552648782492
7290.990172304428
7300.284299448671
7309.553008302966
7320.236541309008
7328.193806160935
7339.621872376714
7349.832608755049
7359.76749510379
7370.846095522287
7381.060850838125
7391.898808551509
7402.955820678734
7412.766133120426
7424.608045074106
7436.214834854532
7448.6693477018825
7459.730774354619
7469.120884559736
7479.068147736802
7488.561631045073
7500.0472236377655
7510.1968393772695
7520.058155526865
7530.691429755137
7541.914573701647
7552.030809182459
7560.756467585598
7572.449920465029
7582.311786309577
7591.3194186745295
7601.00024094225
7611.45559289174
7621.5882256349905
7632.321061471166
7641.336764250348
7651.19402719452
7662.340263903794
7673.305895568963
7681.582133217932
7690.561661675703
7700.243873186541
7711.921945496186
7722.082978548131
7731.1772723811
7741.551555003842
7750.24455912994
7761.191417515349
7771.686642459117
7781.939665394133
7790.913512335275
7799.490573018211
7809.4518169652365
7819.08864607012
7830.542068502276
7842.076072923086
7851.940517083348
7861.997469569649
7873.647364176211
7884.195929397784
7892.541697615125
7902.285299785252
7913.545518614566
7923.197536385378
7932.144043465496
7942.486215232806
7950.861059432463
7960.983565357725
7970.073990660001
7978.660209148296
7987.671609103181
7999.517592887991
8009.465404903825
8019.564320933467
8029.446972811846
8040.173177014368
8051.269969909279
8061.85533761214
8071.1245254292535
8080.377653741985
8088.626887354447
8098.865306735781
8109.428736385955
8120.217022846804
8129.873805545441
8138.504050661565
8148.709787963223
8158.455745225536
8169.398217718296
8178.277312901589
8188.167967170179
8197.562406428595
8207.357325530325
8217.938678177678
8227.816202134287
8238.442769103938
8248.27170009829
8257.670567866197
8268.824552102362
8278.668957996084
8287.576780697511
8296.074226096616
8304.97956563729
8314.44379585436
8322.969804320765
8333.781405381123
8345.977423916092
8357.465965264108
8368.074487044843
8380.277268674503
8390.814777486405
8399.65729484697
8410.179995592947
8420.742104594208
8432.496697818975
8444.707730991942
8455.06687203627
8465.754514099459
8474.093111099444
8482.866490299268
8494.462264056609
8504.968348528508
8515.693695933925
8526.22386438953
8537.005078245014
8544.450297007468
8554.70569207229
8564.322562682211
8574.238721312751
8583.559292027403
8594.295031842918
8605.109120657518
8615.878486506608
8625.337654283278
8635.604101523772
8646.478700014348
8655.722910780663
8665.827415301701
8676.082933625952
8680.788831572685
8690.763872982514
8699.714329811042
8711.574514455868
8723.060037024035
8732.64403903923
8741.873882403313
8751.842183875637
8760.32692885178
8769.305715056194
8777.746326529512
8789.196570058233
8799.41979746869
8809.539671951265
8817.92415834103
8828.357836820021
8839.212066590208
8848.953713684292
8859.788257747037
8869.650312209988
8878.539279579585
8887.907143956465
8899.133542234476
8909.274525032972
8918.344286895717
8928.779641783138
8938.38099613368
8948.31612452926
8957.492926623814
8969.27776547784
8978.728172551184
8988.817682232191
8999.413622977685
9008.77029886502
9020.413222884425
9031.113137804528
9042.163939766424
9053.149405199441
9064.36482088966
9075.046519319643
9084.679153451849
9095.781028841013
9105.281906143056
9114.105805056539
9124.710101451978
9134.90902019359
9145.072754915764
9154.969072230824
9166.298975354943
9176.5897593908
9187.825925438403
9196.80552336654
9207.650782565057
9217.516054309983
9227.692508068478
9238.896421573181
9247.24067639713
9255.94169969176
9267.840060978284
9276.381808407665
9286.45569798728
9298.4730190649
9308.031120486023
9317.012058370252
9325.370258256753
9336.812739033892
9347.150476952098
9356.799296842668
9364.885762020063
9374.125557053714
9383.740460775838
9395.089390849887
9406.417395301236
9414.970689832295
9424.773436606032
9434.643662272141
9445.141566597036
9455.95648367087
9465.72784065656
9475.750028038026
9485.270636045556
9494.291512037635
9505.132057434053
9515.295014994259
9524.984613380304
9533.967148912696
9545.825853618662
9557.081572089548
9565.882292039772
9574.883018412726
9583.624269413616
9593.180432370164
9604.232527295244
9614.150654399862
9625.290014033208
9634.403703732425
9644.997437372114
9653.640991282635
9663.70442420451
9674.420825019497
9684.17740243527
9693.813952444252
9701.96031293451
9712.411351710824
9722.905734153384
9731.542627152208
9742.549742193556
9752.728404772186
9761.856102136742
9771.84441823819
9781.776805154337
9791.807313716785
9802.014125532187
9811.846421372507
9821.673400864853
9829.912096244298
9837.83392023275
9847.399320662062
9856.966285880293
9865.063870977616
9875.225552000604
9883.0036418066
9891.24683774445
9899.292555766538
9909.500102191934
9918.44322529816
9929.760917471798
9938.624125105645
9949.300375489569
9958.539598521522
