0
0.4475899463295454
5.0765394576073515
-12.752246512917035
-11.029727202075817
-13.5833273341465
-13.065948906098205
-11.11422700687476
-9.131748311945628
-10.057355601959072
-7.76042498591741
-4.363875469029315
-1.565786758876179
-3.3624697688638263
-1.1157240090317302
3.553769493691334
2.6391342804922724
6.9747109416787625
13.869029727055917
19.527399512178576
25.570111080334883
23.161466190479704
24.75811846302802
21.672358123683026
29.90281245288151
32.32139820159506
33.18759421833989
37.35250240724509
36.96713613685485
34.26013500420952
40.64658699112532
44.03396609198503
44.30627213686776
51.906920457630896
54.91063445971947
56.68295664064571
55.59549326934563
57.322244281920625
57.634051107041536
59.11307307170543
58.79455595830156
62.89385245549163
63.571069024666066
61.70234768878329
67.04439003581871
72.91050551986088
77.60468313578968
75.70453708040392
74.3309015624016
72.8832806759746
76.94782318829019
