0
1.2578371783920979
3.946208545462477
10.631578581876605
12.599133456566042
13.999584794629023
16.987762766578072
24.254229778997264
34.791516798554596
36.68730079761645
44.24475440596778
43.86803555138623
43.96984697659424
45.52309868402175
47.36239074738721
50.449214136800734
58.51059559582096
62.36034554489197
70.28850530094084
76.01126938281017
79.52755074042898
80.88421102260202
86.24089482777232
83.4219485652236
85.14574201770061
88.65248099168062
92.00181509663649
92.26538558312407
95.11767018352376
101.40124306675827
104.82883518399898
113.48839312184688
118.13147178151696
119.68918081118092
119.66936527390342
120.28530151763698
124.04449107794541
127.95873684322957
128.5059378777264
134.6913605351358
135.09688771798193
138.37466212928672
136.2324493485819
136.88255161228827
139.5840281561606
143.24902113240475
146.64587922982068
151.6959487653042
158.03542586188516
163.89265003939303
172.46456834389704
177.30154103097183
191.94491013677816
202.68040643485688
201.34680428090124
208.96399139235663
209.88982958978767
212.69308143870765
211.52792133098197
212.45050291264317
218.22715364817995
221.43153035606767
226.31884595951436
232.1513647214931
239.28111475188882
239.77318869820604
242.57619379289073
251.3662913489826
253.67372897659516
255.61507041320672
263.7411193904007
269.15342036105085
274.2754543591847
278.26711753369597
282.44580365844394
283.1713580816076
290.336692026783
295.5692982629987
296.65836193177637
305.0151613721039
307.18982331685413
305.4614848370053
303.7988653865605
308.8671235543561
308.3545278192665
313.3157267883452
317.7090918270926
324.3955884060708
325.66620709789765
332.64829352934936
342.8084453688781
349.41811657266624
354.70781244522203
356.3215079968463
354.9427008704496
362.78060314698104
362.6491039791673
363.0361403266236
364.0980288361869
367.02098225814564
369.57064370663306
