0
0.3242359449484634
3.492205026493065
4.4614816433412505
4.214762544593239
3.6183100990601114
1.297701446784634
4.302547995867027
2.561893740681245
4.3200003449746065
3.308928738569781
5.203364659169113
3.7866280997594455
6.712577102403831
3.4904557988543
4.817550822831652
2.6002958612776252
4.35898517812807
4.464022390758913
4.503932358351889
4.461369508172346
3.4081801566361953
3.439399005378754
4.866137985649999
3.845584639070154
2.2417525964495706
3.8808952724072068
1.7099217392392765
4.452453811142826
4.261929904350176
5.763267262391249
4.161341501068529
3.8569381252152546
4.902265463551037
4.072659151550776
4.532432723277433
5.036538215846033
4.824241071520143
3.8987990250975035
4.291987027175121
4.446949235221159
3.032217045095309
3.3945809442351993
4.088627234548429
6.116632126027099
2.6676477238515703
4.063091071940111
2.8576414060609903
4.683292680427165
3.4978339566742744
5.161482679976238
3.80700230380293
5.167876392749965
5.419229926511205
3.860750829416495
4.496049727545569
3.658691384694615
3.913073098422664
3.4634989423360976
5.427081195711899
4.317920338667301
3.1928982944252593
3.902555192102061
2.8835402715607934
3.2453423973405577
1.719611117919094
2.5568632954676027
4.254084359518248
4.354188551678691
5.3742774458204385
5.992655541447194
4.250637747675235
3.015021233253522
3.844310605217001
5.753041735042169
3.9585371551740334
2.7189857153506294
4.3452143179221
3.655007108729406
4.0147973261186936
2.443030123967578
5.241098465640798
1.7792747867012588
2.520966767870987
4.237759019350634
4.9440114881413315
4.478303755146862
5.690812906559343
3.929819954568266
3.5509928927757155
3.8205199194014132
4.933337610725333
3.5490928444211396
5.795594241387768
3.398491929350488
4.1867191136863
3.7724009587229475
4.69022614978482
4.898507519139975
4.296006615066604
4.610367152306692
