0
1.3164078508156227
4.410423452644533
-2.1320249173917
-0.7444934029758543
1.5841114243772885
2.659192424310429
2.7331321021456354
4.765032416219693
7.488445818998688
9.888248614518925
13.203915714409476
15.00566998909157
17.96701892126942
20.23634172137919
23.017826399400096
25.027311651531225
27.43745533183347
29.681228226653705
31.00121109851316
32.27682846148453
33.547690367383964
36.809124967713146
39.40833140508869
42.542788238522874
44.05245831064545
46.29244014523208
47.6549021306076
49.46353998600283
51.3972377040477
52.29807797300911
53.989170604861755
57.02359173115719
57.08320675372365
58.17533458900301
61.48431448570715
64.64948893079823
67.33650169123035
69.5665658240796
73.16469252515175
73.69340427741585
75.96226771771816
76.38121438302382
76.78109683495335
78.92269539202678
81.03358805138303
82.7971356168156
83.35386141231218
85.18779984623697
87.66136928364061
89.595053700058
91.82723319542309
93.91431987272718
94.39436163626922
97.6839922631496
101.01730647522206
101.79256675952797
103.44574349599736
105.80713204272304
106.61158466345887
107.0187770146517
109.6794281616494
110.71811908636852
112.91263531287198
115.65783053872455
116.87983510193038
117.73509208599543
118.89429443120586
119.9667458633668
123.3295571047536
125.90336842574108
129.69901590358813
133.50891494714475
134.74602071651566
137.72071507891658
138.29554297599313
141.66095002845455
143.43371431193893
144.06852488620564
145.75235423470536
148.89291671551894
149.174830535272
150.82027794419054
152.9863426820136
155.92590141058423
157.86096532582164
160.1743968965289
163.17483192006335
165.29205244792058
167.70164837312686
168.3590707426634
170.62295706638687
172.24669120423735
173.45803181383397
176.22886559900806
179.0615450599845
180.2369426385847
181.88821684750198
182.89350754301674
185.88155990489213
187.3674569348943
