0
0.6953817960184804
0.3348309279532638
-0.519192721860532
8.540139670706704
9.429793292727021
7.475652410515748
8.747671122373143
6.144720731404913
8.39332095726825
8.534107913855538
7.865975830200434
8.900164291482126
7.729709027166194
7.526709365850951
6.738575677763926
7.801409028139215
9.923898944061762
10.67032497911579
9.543155402824542
7.8099898730225545
8.440609979889159
6.483038102081791
6.035351540880331
7.573811770959741
6.9458483046682185
10.61609282914553
6.957157141070496
7.4905250384418585
6.727388578416112
7.907165703431616
7.794744300207438
9.4880343849232
6.994355687783161
6.481241922694037
8.839447872683422
7.784038572720318
10.647205853621465
7.389994631346739
6.020883124841206
9.420870662137633
7.665414143853381
6.55817501673792
7.2748954850763905
5.876411111393961
8.451581483393147
6.969962035021343
7.533844988215359
9.831851711947177
9.021495636802676
7.60839725421281
6.338106199678707
6.694077822748746
7.547406062504349
8.310049302143593
8.165618289702168
6.32984434301045
8.645452593102535
8.04032657459189
8.658129897133126
7.014182096567595
6.860816255132932
8.599237911348574
8.718391013772065
8.543242899600571
7.3441301077951096
10.047061243336454
7.840048574957558
8.714478139073115
8.482215080404448
9.833950694165024
6.980696195762274
5.276491051157391
8.29394303042451
8.663610271417873
8.671441559192996
8.550211722729752
6.462471242760845
6.4250835996301445
8.504733630120953
7.128155488325752
7.982477577518806
8.635393483204764
9.204069531586132
8.772316441089773
7.124005279313559
9.414592455588043
6.368318495087733
7.624326008118526
8.012444624709065
7.085339776156683
7.328477647920693
7.800313508830814
9.107876660316716
6.783297792389873
7.936204728080491
8.014112444068308
7.271123281522891
6.438571315646231
7.38865928109531
8.106289539346175
8.789227237761455
7.734123495916457
8.809967060040258
8.180926713812024
8.900577355810164
8.144184243815271
7.520358393475698
6.961343097185747
9.099478056919486
8.291721995754287
7.74657548898763
8.072990255103214
9.588068730095767
8.2557090132827
8.74109630863913
8.344474929473218
9.170089049165206
8.453926918984418
8.640803836913955
120.348334115228
119.19832923148486
117.79675763925071
119.64295523938034
119.58390090201277
120.77947939166098
119.84162736202049
119.88649242165232
120.05067976076187
118.25230683093821
119.89150818605589
121.79536330022259
120.96716431445968
120.39951602798018
118.4396460291521
118.85008342997703
121.3148065264891
119.02325825861311
120.9925888423279
120.03075328875327
117.8698482339509
120.48610122180555
119.60549503058627
120.44159216269232
120.07601926882954
119.42808095518535
118.95832728584433
119.72753682034191
120.92248855469225
120.0822827927999
121.0218048002035
120.29210754387375
120.9386921800013
120.84883265065896
121.10979330427014
119.78383093221984
119.99756626106296
121.2346441293088
120.31732534031683
119.32448965162642
119.75344068427711
118.0155684487572
120.23743317951306
121.2189946905864
119.80314533440448
121.47379581766748
120.26872294145988
118.63386111984241
120.72125932572482
120.87581541746002
119.49478610314364
120.08204234017299
120.73991839777433
120.7517056050607
118.9120140114262
120.58016806204596
119.18851959886297
120.51951943188017
119.14467155252048
118.66057602997917
118.29590311852982
122.33679516088549
120.19998812779951
118.96366689836898
119.2533650380518
121.16933297684734
118.41096770971677
120.67143795782913
120.5728994609055
120.83310316696274
120.72035680314498
119.21072139203572
118.12992182728647
120.24682147341781
119.61569392970925
119.284788692419
120.06525660280221
119.77981348527769
119.72671863916028
120.09276393838486
117.35806391136144
119.05368578348563
120.34132830872154
120.36846175113205
119.02965297933042
118.92133351398822
119.0753018646176
121.05698353578049
120.40365543652591
118.9652106353659
118.89320819041842
120.26393222651342
120.64849049951145
118.99385316824913
121.69336037420223
120.5913384068957
119.86327522449713
120.11127925839158
119.58618589322047
120.22651093548426
122.16194259254445
119.14384594475341
119.19025252643392
119.56383209955689
121.49436442099352
120.30528842850697
118.93074123288835
122.4183006921125
118.35349352468795
117.72255275034004
119.99485508219317
121.14116614653938
119.66567393136492
120.49654749452708
120.61992054925147
119.85454081306283
121.55746898129709
118.90243281510108
121.02946577297838
118.869250740135
119.57094224757635
120.0079628071769
119.76700490809563
121.81072343973877
118.22749144145584
120.15939537199807
119.54755563064364
119.66656024877878
119.85963852188647
120.48432419298837
120.6576021756837
120.67781060038237
121.1055844698833
119.15495626581527
120.92301531326792
119.85855751955482
120.06173598630599
120.98849631179877
120.93666756669651
119.06183415228864
120.57830113497964
120.19120542276704
118.14519291400956
118.669212732136
118.89804077736686
120.73543137347525
119.43556279304039
117.99228601195199
120.55789611068707
118.92410461923582
120.14362205268877
119.64493862058136
121.7563930543323
120.42563201785083
118.91233231129117
120.80252284600296
120.13857486783328
121.00757878340693
119.90091812207471
120.95347069608856
118.49285760673074
120.32329050772385
118.30330253999453
121.9060075329762
118.60479223358224
119.80111740228261
121.13234042865174
119.488626156239
120.21887206846742
118.04472935671312
121.01221526649309
120.97308014579438
119.70392024624232
119.71367313904075
120.51595972533293
118.85643540050097
119.51099123061246
120.04119393125345
120.71960070134786
120.38827806186536
119.68394880940097
119.87665861199768
120.32044651045686
121.52144766387626
119.25773928725505
120.05559615401106
119.04716564796742
120.48581427057984
120.52301494897092
122.1033861423401
120.27406261950455
118.34167532797584
119.9591039684493
118.24747013084284
118.92259036993413
118.45828672793402
119.99951900641288
120.17734123131183
121.28206423803437
120.86399210611486
122.42680900284623
121.62441296148
119.3529216237501
119.43730183381138
120.97318317558141
120.36590938516132
119.27706510247262
119.08434132834239
120.54889776067567
119.10268732846582
121.28060376518992
119.61997825876362
118.0868351840189
118.48812914167435
120.77486441714757
119.55371855865353
120.91658712960117
121.08433411969321
119.97701818361121
120.53437688051365
119.52323625310824
118.99801824337332
119.00501838749304
121.45825456742355
119.36876327052359
119.36665788227847
119.17637894191712
121.56165603470885
119.19259764674
118.47370350825614
121.0635609996128
118.68054842672035
116.61059276985887
120.15311290716157
119.28036140919413
118.80573787107875
119.03105854683547
119.72156265661506
119.71093098146888
119.54328343915932
119.20264636391131
120.73151041647778
122.12276530443505
120.20773623053051
120.44067090919616
120.51222779894285
120.39973185049458
121.07062480059749
119.86769841108931
120.33768963620132
118.42950425221218
119.81042080307671
120.5071455744311
120.6427891062399
119.88460446943537
120.01934740227588
119.63784134528349
120.05628610199297
119.57391426197562
119.39483625097778
120.57912719784387
119.24577781994698
118.56334224313
119.05013507173163
118.30000227842898
120.21467814560648
119.21339849684634
119.49518209004226
121.38340290626445
122.55020884064943
120.14323807552736
118.65313358182416
120.8785562913065
118.7119976170151
120.26748947969729
120.17859367265861
120.23546625476162
121.01085251808432
120.77381289222477
118.2540056512706
120.29220882057672
120.00555564160904
118.73894467109074
118.00708320152546
120.58029457310315
120.61049802930422
117.88621510086968
119.5780519127796
121.9329520480545
120.14336283319948
118.07354958127262
120.41338442194348
119.95994591569412
117.23408892908573
118.10794804512963
119.78331703640862
120.08005149064718
121.54622198931361
119.98645155891626
120.10945140183999
120.8010583704771
118.49163629301678
122.74975861929708
120.82278361708074
122.14957532056718
118.10652457285977
120.3641602954011
120.04663083456776
119.7641538209446
120.79764774161585
120.5070886948732
120.89549227375414
118.22945628950971
119.88048425969319
120.70343109243252
120.71019551903399
120.7054607104075
120.02948260695828
119.62614073572756
120.37544092385974
122.84136465191094
120.25878801533965
120.5416943951663
119.39655610480371
120.58897568646246
120.44621269529077
120.6234699359505
119.9480246204326
119.41755453795093
118.14304973911788
120.6622737503023
121.34272136067528
120.95977704140627
118.87364897836554
118.69192061967152
119.59522358542867
119.985457035201
122.2602150846941
119.52975302651849
120.22555426708011
118.92819643027427
120.58252679929996
118.66393745761394
121.75516931591483
121.190124832824
118.2730057272041
119.47472350773269
121.00139931308149
121.02119083905842
120.74279380591814
120.02694045989782
122.0992623787054
121.87333472159808
120.02685752938753
120.02619104210112
119.52180360297729
119.19392582944583
120.39434351644358
119.93688872040006
121.12018769181618
120.96385477503682
118.38539282496544
120.64739164107579
118.13693303582708
119.2509410171704
120.81452976960281
120.05000726263194
120.66719974810297
119.93444001451425
118.23458764981673
119.88122219793408
118.6814748343895
120.92919441742599
118.706242599964
122.63523126472887
120.83670008130737
119.85705919881195
119.81569653757845
119.81843655230442
119.99560766216045
121.07648527589127
121.46508269452636
118.77147384731491
118.22713634009179
120.49817852951064
119.93419605645593
120.42711047473313
120.77210324745764
118.28373155053217
120.16445784825503
121.39145250289336
120.2350651119088
121.64024351472696
120.30889276467306
120.62406725906469
121.16743927778383
120.30830712790289
120.09822751556464
118.94401681143
121.02234368308784
118.81433995025036
121.63472728999338
118.63931256942767
119.38442422299508
120.5641638736045
119.43797378398399
120.21882714777848
118.73437922385068
121.34943839494171
119.72763698324549
118.33682283562769
120.33955099091314
121.1834047013515
121.21454230189434
118.86127457147757
121.08870664891619
119.05313459217561
120.2625514857233
119.91857585596956
121.77646598558303
121.21794632652984
122.05120983207186
120.3476832843853
120.12192869390088
119.45557458480108
120.62710912828796
118.08326057232868
119.55937649303662
120.96586163284154
120.06529076739155
119.16807002319565
118.8813288536425
121.02186723160143
118.78300334698305
120.83761574329165
120.63463032684412
118.46190090674347
118.9801353614575
119.95891198401165
119.48164437496432
118.84988027392292
118.66018575259375
119.85198552012797
120.15693909432632
118.81921158751196
118.78598170898844
117.89075319894116
120.20068241757178
119.4424593154017
118.61172741166459
120.09859850988883
121.57960736883648
120.44049675217911
119.60142422334329
119.55803435482899
119.50487124064541
121.7504990761539
121.11230285195876
119.27404657286397
120.4605794922331
118.76653043507399
118.69138385100078
121.6324382175141
118.67500651060453
119.83621978487218
118.62433549568529
121.60515207074192
119.78190395655147
121.42474017628108
121.64903061240935
119.9319642609132
117.55559730879042
120.9461492150281
120.44782574694459
119.76722698799142
119.79577883833863
120.39492894049374
119.43310932225147
121.23392841405001
119.31789684184714
118.94433143151508
120.42879059585131
120.49499552408474
119.7577562651541
121.82792802596043
118.87707090985477
120.79704825518162
118.96835172016071
120.57789345168467
120.23003533287581
120.12302840697896
118.74561307724927
119.71129384268377
117.90644207461169
120.25778691971139
118.90023093575678
121.52870764126642
119.67704625951063
119.29162417135011
122.40666942509813
118.89358459673166
120.39893373225173
120.13962221189729
121.71489182772714
119.6049242286496
119.97325888353251
119.38952133595333
119.23961052793989
119.97613586108041
120.3523056290636
119.4394577366667
119.9151767240146
120.25050080565457
120.7198209482024
120.19986675226008
120.3786217496922
120.91830273603273
119.78537411103835
120.64296360299792
119.03481247426696
118.91879428323193
119.87635125780055
120.08383455601415
118.52681803007006
119.73447236381209
119.52642667557664
119.78613524313242
120.45250112959162
120.83336054794228
118.64663492420708
119.8970536683593
119.66987207973149
119.7901793558749
118.704362127465
118.82064899907333
120.90287036196145
123.15447399724421
119.29132810151266
119.96423630730573
120.99947757605173
119.9911334000252
120.12513402599136
118.84983966726205
121.20868093208306
121.17542912497031
119.41443602423489
118.61847210636563
121.23226657284712
118.31505162397487
120.6026044169189
120.30473260155138
120.35232180445944
120.32460053947287
120.13578726569716
121.98760613987189
118.74523196336527
120.08925359818753
117.91756628423458
119.63529639784686
119.28059700451776
121.05006863265405
120.43807939007273
119.04017400427209
120.94597055445789
120.33190588583994
119.30735815617012
119.27464372483836
120.5936206354313
120.48814590653909
119.92001072928548
121.1801312519417
120.63101821124054
120.3572330206401
119.6295236786456
120.16108240445058
117.40080160135109
119.57817359419782
121.7997012359613
120.3180441579662
119.45266376652584
120.02263328359743
121.04694605660389
118.48692504115908
118.74513512627037
120.78069218246357
120.8645270286889
123.03431082266268
120.99902364459392
119.68169647745444
120.21857657504417
120.81880986839893
121.17575831017737
118.87175496406648
122.02610149861052
119.98010974288839
119.43437364509386
121.37663395423385
118.5223701309622
119.6657082152223
120.10931801451481
120.17952962369438
119.80556348816128
121.26111074916518
120.37464472972756
119.99549960047048
118.80903664400152
118.75924150464424
120.06090176409438
118.34574554329136
120.19261574725789
119.09934413456463
120.0831796396484
119.1261078032204
120.55399809198157
119.60317479050812
120.5835145275763
118.6932849059922
120.28078100562134
120.33991149426302
119.56345397832722
119.40891569973812
119.40494404132
120.85745428067797
119.81460154055021
122.41293949819007
119.09087745939755
120.39513488838078
119.73395789948262
122.0085074443834
119.18445478207438
120.11083973778439
121.03281567911625
120.33661074860638
119.00587497282037
120.39970403933455
118.58149992677684
121.80408675502036
119.38801049612422
118.34794386546166
120.5174175074505
120.25662362649959
120.26902641565992
120.01161600139821
121.04588632511218
120.17946523131354
120.49845585865144
119.54181613415311
119.53089784454895
120.52545284510381
120.1791619293429
119.7343967208332
120.68553205455054
120.90498055733846
120.94908933587188
120.74239718258595
120.74975445403278
119.23721143234106
119.65843833341118
120.12983430125408
119.84625541815002
119.15110337977906
119.42404872679357
118.36328948575539
119.36053357408343
120.51608427669164
119.96215746625732
118.44305688924145
121.59968929592046
117.80177603166331
120.33738918969549
118.58647528461267
122.26609090454366
120.19311790230765
119.19976359437109
119.76111216554126
119.93994443770092
118.60897115138575
118.06845580727583
119.86040827105994
119.39606987651233
122.54620134516107
121.37922078273233
121.15313506682459
120.30567370719425
118.62350112303118
119.72282705624734
120.4959531271882
121.07655939033673
121.33196265001956
119.50591736603837
119.20699371831195
119.25307106550295
122.88256136391226
119.94059605629913
122.67377715208417
119.7477648567397
120.24257644873985
119.65487547062077
118.72929872655592
118.61409683595399
120.03458045032559
120.01964668702733
119.62238555648192
119.05436695749445
118.12651196926971
118.96097605967515
119.18900302034409
120.60981733457051
121.44255592912266
119.70339283259369
120.25705373555579
120.49963789263334
120.52557332578306
121.19538022715058
119.7089935001818
121.11021376430683
119.85282411624162
118.82156698478659
119.80929123793636
120.60074149248058
118.6158660853819
119.58612468357408
118.79847182248986
120.0132347720848
119.15216005107318
119.09425800521021
121.904766527582
120.26322552651595
118.29549056677885
118.91884550405298
120.16955298293193
120.65263052767655
119.73471419907784
120.11880358929982
121.19042963155299
118.33387050993215
121.0378025931539
120.16483771154648
119.48668797929015
119.14415262419598
120.35749187810967
120.04882797358296
120.41648427468212
119.86387633968965
121.58665387756947
120.66478041317316
119.70620015450108
119.28987896669103
120.71745964332383
119.49435848743065
118.74564868187481
120.90220439083973
119.5193717695529
118.76004570482156
119.5628330438592
119.61273149888267
120.08125946742152
122.04494949317623
119.15379397836156
121.5030833057165
119.59383888356268
120.15850871893281
120.10076530011303
119.14191017260536
120.30437294044206
119.04254094444964
118.02602027004214
121.65792420893698
120.56582982987389
120.56521951608957
120.89621625951546
121.0908007175014
122.32444348878091
119.81086624441384
120.99745202922264
119.96156200802913
119.89971780686847
120.98852503599399
119.31103297464688
122.62929806945644
121.1978176210319
118.61846848284338
121.21944174352375
121.35762746489905
119.35700968691965
119.2921414508103
120.53410105111956
120.29457694535162
119.94325753999108
119.09409402667117
119.42777028516724
119.50632786223714
121.67227048423902
120.3206070768468
120.71263651361042
119.13493555253558
119.61147114390705
118.32034900744232
122.12312683928636
117.49762553005061
120.72055046118035
121.91044047518554
118.49974577727039
120.46358539777124
120.29980051884286
117.47113070192448
121.26976674402883
119.18995551712204
119.54641908263885
121.06737471707447
120.79746098198235
119.54220539960296
120.64524164588991
120.12895355738637
119.67545546344341
120.03805073727749
121.26464275201047
120.67526678173478
119.95782604846048
120.67413946232881
120.03944628573471
118.23921764070695
119.57367778890625
119.22026922230316
121.00917087986186
119.80754265475579
119.60356359315645
121.51289454591915
120.56082159156692
120.7957401394367
119.16566047018914
120.15071013065408
119.14630418509329
118.21220467148474
119.02658055271297
119.68000427874365
120.7432331384968
120.93013267252073
122.8138722884629
119.35381554018838
119.72966021485985
122.0569683785854
120.18511441479836
120.62116979341174
121.62797340509431
120.3451212547025
119.9799869267549
119.89665663618209
121.43761271862742
121.90416530692777
119.3665526827206
120.30420168669181
120.41861257560383
119.51994721975505
118.22815305081275
119.06851759724451
120.39193494814693
118.83865873607657
119.27009988621467
117.84862203033134
119.40867364969382
120.61806048468475
119.6785285554034
118.70241358827143
119.84927450284009
120.42305878195468
120.46863093304698
119.80356500979526
118.66607930620175
117.64976186242009
122.11526528984241
120.43597787002294
120.44077203280358
120.1612405024291
119.3521950244227
121.02176674897702
118.48424581368609
119.69024840434113
118.85280266004376
122.05744542918723
119.80566143231847
