0
4.686227036669639
1.120418390147505
3.462207643557721
4.7987382860205
3.997798684864927
2.8432206512631146
5.918972738136032
2.8578382792067982
2.040025438888269
2.2500955715026176
2.8992249037570286
7.243105431297508
1.0382720947754374
3.998621120732167
4.362382529508748
3.5645887427827048
5.019215985506966
2.8871164415765125
3.107671070086805
5.353628201723933
7.262604849731408
3.8312587913054736
4.207583080207522
2.6732309306920774
4.8778407444596175
4.562050647467959
4.262395903816729
1.1407533988626883
3.080927280487944
5.0454334709344195
3.3010649503650806
3.5890649170806044
4.570486980785875
2.2319260012479605
4.158362277843235
4.167713773915769
4.5169412089586904
4.932249301765537
5.048464219536071
4.518884061523475
2.6073314755009616
3.3596655900200845
4.545822861298168
2.7126193483599574
4.4592153820465406
4.633070786595442
3.638574802488905
3.328873664181143
4.274434444782928
3.4927690314311537
