0
7.879413885574018
-0.3400084843734148
119.77826478476508
119.89069440409382
121.54397091744136
121.36115660669178
121.3465310480521
119.25195693863695
120.80273451279473
119.70440703063444
119.32449016812356
121.2820240699217
120.27958681058934
120.82645538655717
120.75400476408953
119.27852845220715
120.25926186428809
119.67865646173857
119.55034856462197
120.15224200272877
119.96147187335086
119.59220138559584
120.98828100822553
119.52320085405944
120.81480906399713
118.81852050868932
121.58874239011641
120.51398696834526
119.58819950057051
120.98112934948195
120.12756622187031
120.36245971023538
118.45590088462195
119.15210215252968
121.0288851886022
119.04693413661533
121.24693560361747
118.29343213888599
120.73777141899164
118.82657846077157
121.45318473734076
119.46750977656419
120.88391987243344
120.04260921826742
122.3293740693691
119.073064666641
119.71695420314636
118.86195055284497
119.12713492404676
119.91984514247464
120.12198315592342
120.26564138543144
119.99649440076742
121.79818152466217
119.34724691741216
119.53963136244302
120.74423056599841
119.40871969049903
119.29681965446284
122.16234323794609
121.08692700304746
118.64918665076561
118.37207686510654
120.02187186359326
120.41085782690934
121.1460788850185
119.0976512438635
119.92537264341847
121.04857762448624
121.62536212800381
120.09994031436801
120.51365364135079
119.16346884691944
121.13280006491253
122.1341521397227
121.27751728481843
118.96372371625309
119.85144179173798
121.05014054398775
119.82086507547737
120.81851224888604
118.99064588689401
121.40630584564792
120.61871842564453
120.45874959419463
118.93346417419524
119.89652442200031
120.2043597364533
120.71458262701688
120.46743218751938
119.6729663397386
118.12132339788418
118.96575853629395
119.56856783230191
117.45197723660816
118.21307987716803
119.11343666053692
119.97701279794629
120.12690356169156
119.56447360406996
118.73367088317124
120.70206096728604
119.7587323799693
120.241530842583
119.82976202923115
120.49345571119228
119.0324345914816
121.81554261012143
121.1183065526289
118.4958653047659
119.15113334172091
120.3990067276478
118.62342339687358
119.31591507033639
120.3618292691501
119.04708034516592
120.39804149341562
119.18862501989553
119.60878871764163
120.52123210786978
120.8680742277544
119.75921672146964
118.89680964537361
119.80184381150787
119.75047555927706
119.22557339791395
119.63203729172882
119.54204602316419
120.87120733879539
121.23352238882097
120.35494360675726
119.83957081759029
119.5188058974968
120.24392160402296
121.2892886285072
119.29410639742369
118.94718625883961
120.80066368182239
119.02776539872362
119.37379383164205
121.12876035191243
119.87803456868316
122.40438156662304
119.03223070754814
122.37014888689356
120.62594570668428
120.11101373322496
119.04850518838265
120.56377238822118
119.51481015105043
120.65701474455302
120.87009889845731
119.168499660056
119.03011997213007
120.14449021412578
120.052890541449
121.92708497950103
119.93472261957727
121.30545379667674
120.11220787813008
119.21589503062553
119.43786002433771
120.70830303363363
118.59945541341142
119.36754147860812
119.88659784672829
119.70453467469265
120.51516452325883
121.2318858862529
119.53796896238784
118.82039133237251
119.55010040202588
119.21957431480241
120.35302112723896
119.98903286709253
120.22620368168842
119.66157445339773
119.65397491406505
120.52763479567035
121.33078061408673
119.9826304034024
120.0741729117697
119.02635741483468
121.5044522785495
121.10695358728064
119.75800616228656
117.14406976916653
119.68109757617604
121.0316011412249
121.76819638439592
119.76903834852439
120.61570080389615
118.77490604257092
120.09843893473185
120.43515497718289
120.61632108098496
119.46032105717
120.54473784796754
120.56698426721223
120.39534811810053
120.12557108191514
117.9472974597947
121.33760131285062
118.40396810313817
120.17137365332664
120.92821810860852
121.43081856211818
120.83252605131527
118.83459105324647
119.22871358761013
120.79688900724516
120.06240935934888
121.81347426633887
120.62355666061501
118.92534393689809
121.1990108870949
119.4288953387917
119.75733464113468
119.96484106790193
120.64336347483481
119.3197152906938
120.42978590519614
122.22739701238467
118.68528360409877
120.36392231684748
119.40727828378503
120.54730005860516
120.11252933686568
119.04531392403878
120.77717772724007
120.30785818633063
120.39266529752042
118.58577133053089
120.40821900237991
119.02786520126847
118.2447389751253
120.18575983578181
120.09089480604429
120.62180356014635
119.96225527805026
120.83452221544933
121.25562915754921
119.62449548331783
119.10129051059445
119.90768798690254
121.66598322204736
119.52340172528226
119.65733997348688
120.08522543535888
120.1331345066268
120.79169196834904
118.90524389780798
120.3416550887142
122.11045412247366
120.59993297398577
120.45064063832018
120.45116310938208
120.1158889044748
120.519769812405
122.7597414899095
118.94425933225513
118.94337429713894
120.01384331422221
119.85145333812734
119.93925745603487
119.5227094236196
119.54000401951363
120.42879790361872
118.5155845960779
122.1845710498168
119.34035323748687
121.89352901982537
119.36104131459882
120.48316374247804
119.4550516003877
120.40496112054119
120.02327647114556
119.59682836420144
119.13165097859272
120.00521408241663
119.42371349611241
120.71575484211385
117.73040696128322
119.94685463516065
119.39037480790815
120.27330381485316
121.3031425258228
120.09021481155813
118.34156872898868
120.5299185230358
119.02092195811282
119.99345852280472
121.26602284721668
117.80833859428581
120.12236413748184
119.74881952158844
118.62900053983454
120.05002971498887
120.40049968140538
119.77555515028583
121.50087556136057
117.15945455003344
118.40997852087463
121.53493032212124
120.72653807423094
121.97740420660898
120.06723421421748
120.06062957097596
121.30724707120486
118.29190727223234
120.22993410963018
119.88740104269786
119.26944624497386
119.37372893934271
121.20028624172963
119.43413026084733
119.05075699850993
119.4768729298442
119.75998894250162
119.87913647064693
121.67770254895184
121.47376844596062
118.64402120660938
119.4260575591189
121.32193993599665
120.04356568113037
120.14848319174469
121.82787337126518
120.84880631949345
118.66628709989556
120.57691219069352
118.89755628451123
120.88939783802746
119.86466211902842
120.70498399143915
120.09649513051153
117.82751861505675
119.29838353258658
121.09136117427552
119.75770348055397
119.61568679399633
120.50377501008063
119.81064748291709
120.71117194447031
120.83246979433822
120.50803674014843
121.05038203935086
119.4472090197846
118.2611968589072
120.17921719362593
120.07494569924279
120.88978386089637
119.48679781405187
119.16024612629428
119.09446139003971
119.91296213345355
119.97302034466574
120.48440933476634
119.4536739123308
119.42319059236637
120.36135998769944
121.0241615362569
120.7389867481696
119.71745831589266
121.0190055587763
120.6687466906812
119.82046105275556
119.66953209872959
118.55451737070713
119.70782977337818
120.42468401855206
120.03331402305633
119.37725509001618
119.24236234230607
120.35455165187231
120.05741849769105
120.14092652003983
119.36798564885747
119.62815483217476
121.3608518200582
121.80250182547903
119.85727441835859
120.28853579150648
119.26791479873891
120.26521427467357
119.16254605366173
120.44369805240699
118.17993199271565
121.43321875990902
122.0020130401389
119.89137667949555
120.48396901688928
118.81916917799737
119.51466311673758
119.63973885627784
120.92881563314798
121.82789834057562
122.24813581579512
119.10564618495857
120.23375197261363
119.85976499049669
119.58103089893609
121.14394224196785
119.22613604612556
119.7364596651069
121.90273497637902
119.87001115601635
121.22853763055551
119.73025295868113
121.10450918675602
121.74203592207175
117.98815596159177
120.83228832229126
118.8412278310238
118.47455551416438
119.11531828866254
121.8136246417461
121.41947031740486
122.07025848202831
119.66199298347031
120.01014863718002
118.54086610567396
120.12901031599209
121.1085003977874
118.92273170208442
120.8530541072578
120.02161716061467
120.35046178370322
118.39008890115299
119.8865029059817
120.32538306081153
117.91587399242667
117.81884766126227
119.30113025767646
119.48396310263682
119.60613706287175
120.32669633887875
119.23235638024134
120.53509979402678
120.47349577830342
119.69163782911984
120.11953637121906
119.75771509994199
120.01476984753558
119.04139906559378
121.19293637496996
121.08107303299397
119.14522386976999
119.16942490314379
120.18355200448606
119.53354989647357
120.18108723075741
121.29619800019626
118.37615304964031
118.77132518215132
118.4209764682441
121.27729173019772
119.58472899741619
118.61829162549952
120.83021936280001
120.87362576668129
121.60721121549618
120.44893411721677
118.33649216347038
121.39001118367428
120.79884026930291
120.76817038715299
119.1340954785483
118.32080632178717
120.62373579165093
120.91012692761407
117.44121905098332
119.39812446986382
121.30948655592336
121.47944878203253
121.60751436465695
120.19813371927994
120.3824236846089
118.68995214250123
119.36680829333304
120.4828811580519
120.20609039509016
119.89504620283377
120.34966713235583
118.58232292902477
119.19018914162433
121.66231719428596
120.38787928365059
120.36628512822794
121.05105497251975
119.34160947274309
120.32931338565969
119.51646517201499
119.10672904810767
119.73731561594796
119.75930491811657
120.09114337770808
122.21765169713032
118.58898202436066
119.70143564255011
119.2643634146238
119.65496252899001
120.15360536145768
121.32778267475265
121.56211959105448
118.90446656026266
119.69721572510684
119.39099941319493
120.24214430264139
119.49709110342332
120.04206989805763
120.38309039425366
121.0253173219372
119.25588917457625
122.09387969310932
120.50220652506212
118.96949917799942
119.07355915605875
120.1127735750511
120.14286371227797
119.15865833615263
120.32364839342446
118.99569874049607
119.70840014470467
121.60228060237219
121.20828148456071
119.08540625595688
120.30644275040733
119.80536518835626
121.63461647032396
120.37297047057959
120.2485136871468
119.83030675270255
119.18614454931635
118.64121014940119
119.07815893686609
119.51086034803154
120.16935090019192
120.93594036608098
118.97208331099004
119.95888056644854
121.06428288779654
120.76859260203328
118.477460442234
120.50834762314786
119.98117462483204
120.50657977504218
121.15760471983604
117.80238407694581
120.41631259980609
120.24730134455253
119.92949146377276
119.86749555978885
120.49922468186561
118.96709159323514
119.9933707345913
118.89752142245447
121.38621063068344
120.3006822079529
118.26522121447604
119.76049361360022
120.5561590665091
119.61272308370536
118.97532987209188
119.3548897698898
119.3586835966672
118.50014476090982
119.459995836952
119.91355952837212
119.35643857155408
119.68143250992266
120.78140358687367
120.2070548594303
121.8687372293468
119.08443367881385
118.99248392360644
119.55876617276556
120.09083045858611
121.38491431888504
120.42517257670372
120.91366303689514
119.31261125978506
119.53440903031624
119.40671768197176
121.13847535951066
120.37716804450943
120.50506168905079
120.36645623193382
122.26501800884371
119.08459044253547
119.27681432222396
119.40329695227119
120.19499622302993
121.10605894299142
121.60643594403767
119.49864827711353
119.3740873772296
120.28146320826201
121.05387208689096
119.52806799171347
117.73355738192765
119.2991504381355
119.98009846548197
119.15816476561122
121.68689506453633
120.33617870750074
119.62690787067339
121.34901298749213
119.9129880017185
121.6786798833764
119.20799079352977
119.57236614621438
120.72387039408288
119.00567349597819
119.30970568986676
121.46110822819283
120.97349999875055
119.41311964830952
121.69683996787248
121.07430957841876
119.67865854153709
118.8744040696765
121.2187017014287
121.45306543561173
118.8270947785936
120.62473369715016
118.80976858122605
119.50943814852569
122.82737222161994
121.25080766583567
121.05741891941636
120.50628038388348
120.26510116574589
120.35568510014103
119.37056769844872
120.49774524185288
120.16369327404658
121.12098981653826
120.0764762005857
119.89310329111325
119.39775027194874
119.44865766521153
119.79974267504102
118.41398165412619
118.41793464297946
120.47291094999441
120.32270319737485
119.21503847882295
118.90463377077486
119.66384274395296
121.2618480380522
120.76785598084686
119.33815405809327
121.19014277483129
119.80360074138291
119.98414397010296
121.12741314734453
120.21456198915858
119.63615014919328
120.08648682558417
119.39609209025933
121.0623479671219
120.28164639404994
118.98008008438332
120.02314451812838
118.28405125513191
121.00403297033553
118.51847386668138
122.69122896203793
120.22890678992502
119.43461203285014
120.22491117481358
120.67161592643588
121.38005512716433
119.09935485886832
119.29395170684664
118.52472176492064
119.60733721395057
120.30423730716011
120.30399409375437
122.0631632933291
120.19601758116893
119.04089529561347
119.59493630497438
120.29061745963239
119.76718244883403
120.35153547312503
119.46183953651195
120.31031491814656
121.58232820232509
121.37432477438449
119.08289818633992
119.7478366381357
121.32482612326031
120.21790576840773
121.02017392788936
118.12626651840394
122.54714559835134
120.11715498878463
120.53754454874334
121.02401149102661
117.77044393991514
117.93970420511528
121.55753903878106
118.58263041059222
119.87924893933209
120.86873019414782
118.38049886914872
120.89882292918432
119.94643405232252
122.46586504214802
119.13350974974607
119.41646024073682
120.14868714930245
119.12575322770574
119.83995210704278
118.85747266634745
120.43847800133625
121.8212124477733
119.04489697045469
120.20975869443373
119.62849990111786
120.85065974540841
119.77363877518343
119.91157462395454
119.72539220521243
119.52042531924377
119.9498805596287
120.32235190283293
119.09142083599578
120.26152028187217
119.53440937036297
120.58781850127207
121.02597617466228
121.78328524092514
118.67456083804574
120.77996120742506
121.08774179228958
120.03442197308517
119.71485295173693
119.63247225153358
120.93019077663334
121.60488620726102
118.42609156747378
120.94056486532904
120.78333042602345
120.88846921605173
119.70731053697814
119.81072918344258
120.4184896078163
121.45207945689775
118.86594719786451
118.74021953484035
119.28648300118206
119.28016829344794
119.2569057117171
120.20266134919885
118.68677011244293
122.18735766027054
120.9414326746003
119.18003984784184
121.83119016726012
119.3403493078981
120.6001649303617
119.82955162002347
119.72671491756324
118.64637879863987
121.63834372869673
119.53265456807178
119.70398384637602
120.29420597645512
121.31071818026179
120.89160017723748
119.34118987694063
119.91057095093937
119.87981359891393
120.04288445219109
119.37757870619782
120.89863142734457
120.38199914014972
119.81139973641221
119.30058603934101
119.40243400703905
119.2026020529561
118.7360392293893
120.16256679339118
120.55094630443547
120.11778779487156
119.76913622673293
121.00131401413294
118.15421813775617
120.65964204614565
119.49536638081601
120.87403356982544
119.5362709332569
119.45158962467885
119.15262247213153
121.36557497790966
120.10697853108421
120.57234390822119
119.6487880720185
121.05438069585124
119.31464264216626
119.37779032364823
120.93143251622958
119.80645394490946
119.05746315189907
119.70892553530946
120.20046811519293
121.13238964006366
120.38753548777078
118.16982927085935
119.2974902060061
120.10406085251523
122.76214775496369
119.5759771366526
119.20131246031842
119.90877777997478
120.19556603494766
118.84038073689925
121.218138387436
119.45430108528949
120.64675698701436
119.06953595351835
120.0374980529875
121.18298238562687
118.97620991332124
120.00273341228751
120.80986786243109
122.01665788657851
119.63783985241952
120.37065186278542
120.17370335341101
121.09193052200021
119.80611481255127
119.8548713910846
120.95363947367531
120.50215618588457
120.20502036617899
120.15361865424904
119.84046170332755
119.74000140162464
119.50258868713843
120.43516601674533
120.80714780075702
118.77798761522524
118.7607326041034
119.22043020123179
120.28693947245537
119.36607754056459
119.61795082851964
121.23440981275373
120.88626640016994
120.89945699189785
120.33348635497853
119.76216822165684
120.58089950612207
119.55524381791169
120.92114223382517
118.67188491076054
120.3719640031433
120.9049704088242
120.15477225491223
119.64176241525057
118.35002222809953
120.08009062266814
122.1486441775831
119.6446576266028
120.36788597019954
119.32111786020798
121.01472792733175
119.90423845928053
119.9094952773633
117.98940410590691
119.39825751137502
120.12642967117809
120.61478385388241
119.11503435125549
120.65387557179682
119.09026145541935
118.69502606846274
119.52160461623238
122.19891699125701
120.78952228054797
118.96277420965826
120.30187281025916
121.78574768413472
120.78392420653606
120.06717194745599
121.13337188663036
119.27903613123168
120.05344240341238
121.52498213387467
121.41014234841701
120.66869898894471
118.81330992723977
119.87386465976725
120.29581588121636
116.72675311660213
119.30569723165064
120.4519606659948
118.79346612793861
120.40849750633208
120.14306336265706
120.10731003777508
120.45760910973283
119.2259339922936
120.85992882730243
122.06947301912048
119.40653204862556
121.28503043857933
118.50966214808793
121.06622448912944
118.88476264456722
119.76652324766783
121.05863374230736
119.08016896350821
118.66776212210159
121.97580178077519
119.30292159643308
120.6843926903581
120.8713645952336
120.36428236860769
120.20289714792374
120.17586872090904
119.09349813180837
120.38583441769786
120.96314481267231
120.57315491866206
119.53320417052483
119.00618468651756
121.05184880157725
119.56061396618601
120.48128558498092
120.08463033128487
119.93603606677702
121.79292433249663
120.46778119072026
119.83181845512055
121.39799268488795
120.52935696929669
120.14398531974884
120.3941055349549
120.26519846023501
120.18140018537325
119.5749957576488
119.57697858170309
120.0041609049716
119.60839871943466
119.12510194232831
118.73970288428151
120.38921502415316
118.93312083079763
119.85831524028832
119.85018089542164
119.95376882388393
120.16650506439152
120.90856309916211
119.64997310564102
118.48768322874477
119.56337796006675
121.36069475935096
120.44388867054526
119.0626064765605
120.39528889535794
119.2449493011544
120.50087856573425
118.94885877585057
121.28993540164488
119.41212136802514
120.75588748010702
120.31497211781553
121.56150112376724
121.78728945656667
120.50046069185755
119.41995734243925
118.64192720684791
119.14368996074337
120.73004051684408
119.56576332707724
123.46171745571014
119.43757049260441
121.03041806791983
117.55464707439812
119.97065306393355
121.01603247687227
117.82885897633287
118.79875005230409
120.4255278189223
119.93728835490822
118.24344136940451
120.39154414862153
119.4762979743254
119.13803825188945
118.71827462814524
119.80273142843042
120.2060781556407
120.02421790357023
121.50924297484315
119.56603973923798
