0
1.7942176754570436
4.6087339929944084
4.6910805221937055
2.6046865324955544
1.7990531497351938
2.972453685100815
3.2718293218545424
5.055574510767118
2.662421741485817
4.788571316618454
3.845107471112189
4.301065700148308
3.2232687790617454
2.6823909691434444
3.522905316789175
4.2073528404401275
3.4593197716865305
2.082879035352075
3.076422739028454
3.1794875489040506
2.754981902158071
2.265548451157219
2.8954130327968137
5.479187275288057
5.143198826150304
4.214660498747895
2.903428088723519
3.3827626041554604
3.852680072963786
5.778844017951801
3.7120723216777263
2.8594835122475066
3.0531290422268516
3.9756288961384354
3.554050543429995
2.8372947345125654
5.453512263366802
4.265886174328227
3.720215981480548
3.6736566424491337
4.8929283101757814
2.094324423612391
2.940805411285406
4.815771662143797
2.6552397707163493
5.265351116627684
4.061037295817745
5.080831052249654
4.206815682900376
2.4882024827025546
3.724927453120964
6.223626820251097
3.6007281497733628
3.780368523097378
4.716571713669705
4.885606071818464
2.1176006454740683
3.578908077190436
2.9901653457667416
5.467677600931536
2.0798174947269215
3.741234229651901
3.1362546765324204
3.6347848035608035
3.615229310556372
3.824507251650653
4.453478884199444
5.043222526245146
1.44581366005893
3.7805833583231236
4.9191513442416674
2.2944005289864293
3.526173266477013
3.369218184622685
4.879079565151569
5.0217298030796975
3.8417964204043926
2.8268213735327796
2.895687736876055
5.17907583645368
4.468501474260818
3.1652570131413738
4.9670808462459695
3.7328337931149487
4.283644675705712
4.66091206939056
4.565424868971232
5.2363011528109755
5.10190237050627
4.851964642736018
3.481309300246385
4.771273745707735
4.1453426820324735
4.374354585593581
4.965338973519243
4.631045851877072
2.1870565094572028
2.7829302784058134
3.2878168951611375
4.141386106435547
