0
1.2606233145858792
2.4095777959547626
3.6138138943838753
4.071179068424705
5.065185835269648
4.489232930137795
4.2236683430706625
4.477433304775527
4.400248957454043
5.05776745662911
2.6713102008365652
6.4093956657826885
3.7667643467088094
4.671374354552806
2.7194654712291175
4.6673424835085005
3.4127481781522393
6.0556452131501315
5.126061246725851
3.9354397551330487
4.495644765062927
3.490729205811326
3.034250069950272
2.6360265255216153
3.6564528166834274
2.1302442011213056
4.034236782617134
5.669646888061681
5.524938141917494
3.689166068569617
4.776720718254111
4.387937668534925
4.047080091256817
3.516554582182096
4.7924452794249675
5.009418955627971
1.6585705402796873
3.0185962548068983
4.896086020611568
2.9228331152815077
3.120998641818291
5.297339670552439
3.6455100376728797
2.305562533428279
3.779891911787962
2.677433176583497
1.907517715669263
4.285948363282255
4.386009258372722
5.036826907209054
