0
14.296192571661079
-6.354948922549818
2.747602321827383
-6.249928728242217
-4.3682935437401795
-2.529777679137047
-0.6465915679624041
-0.08983650022948808
1.4075298567560464
3.2264206523872185
6.407587363440257
10.07696376676623
11.334343409072563
14.6089520266498
15.33940669416991
18.21290761365643
21.305389928294435
22.989987740220577
25.051853304006542
26.639033751606235
28.068053430593594
31.234103218231205
32.66593514448793
34.062048272106956
36.80337684701877
37.724270832901716
32.64007860896848
33.10889490770334
33.975644186129365
35.52139787224196
38.21359024681755
40.31861598501378
42.51560496389044
44.447484473184346
46.20168877123309
46.47599882320382
48.78224245998625
51.02116264901939
52.6783333435215
54.52343823784439
55.798550943889325
60.26187697137583
62.181302842131835
62.66971965793059
65.66518080424943
67.03179656994186
68.99753231169773
71.43504446662268
73.4032097198504
75.9487277071725
77.67036874605468
79.81827777425539
81.21645711735414
82.87316085132599
83.63083054665955
85.03128748915876
87.71749624182
87.28674062668273
88.06852425992051
89.27414144914627
90.9224155233183
93.75064158447923
95.46589584518561
97.48492235632862
98.602567589625
100.70750574242128
102.80834846706495
105.37832264926595
106.7450967046979
109.24851553657476
110.15288912950388
113.60681161941858
114.83212872085916
113.79750861266331
115.75548125410636
118.235063811027
118.28149468919379
119.21974133125585
152.68911497493997
155.82794956897743
158.28173704459553
146.3993660615282
160.06521248209327
175.34522717499195
179.02203166452574
184.72368047747094
181.308439383743
191.21249656193854
203.34873553086976
199.469907879399
193.81529047300526
183.888289833917
186.8487877621326
188.32485741217639
219.4281906436783
223.23562062571844
221.17782072379566
226.5081497259547
231.06559596620852
235.77228038401884
